1 10 20
100 200 125
201 210 89
900 1000 174
1 10000 262
10000 20000 279
20000 30000 308
30000 40000 324
40000 50000 314
50000 60000 340
60000 70000 335
70000 80000 351
80000 90000 333
90000 100000 333
100000 110000 354
110000 120000 349
120000 130000 344
130000 140000 344
140000 150000 375
150000 160000 383
160000 170000 370
170000 180000 347
180000 190000 365
190000 200000 360
200000 210000 373
210000 220000 386
220000 230000 368
230000 240000 443
240000 250000 368
250000 260000 363
260000 270000 407
270000 280000 407
280000 290000 389
290000 300000 371
300000 310000 371
310000 320000 384
320000 330000 384
330000 340000 366
340000 350000 441
350000 360000 379
360000 370000 410
370000 380000 423
380000 390000 436
390000 400000 405
400000 410000 405
410000 420000 449
420000 430000 418
430000 440000 400
440000 450000 369
450000 460000 387
460000 470000 444
470000 480000 382
480000 490000 413
490000 500000 426
500000 510000 426
510000 520000 470
520000 530000 408
530000 540000 377
540000 550000 452
550000 560000 421
560000 570000 421
570000 580000 390
580000 590000 434
590000 600000 403
600000 610000 403
610000 620000 447
620000 630000 509
630000 640000 416
640000 650000 416
650000 660000 429
660000 670000 442
670000 680000 385
680000 690000 398
690000 700000 442
700000 710000 504
710000 720000 411
720000 730000 411
730000 740000 424
740000 750000 393
750000 760000 424
760000 770000 468
770000 780000 437
780000 790000 406
790000 800000 468
800000 810000 406
810000 820000 450
820000 830000 450
830000 840000 525
840000 850000 419
850000 860000 419
860000 870000 388
870000 880000 432
880000 890000 445
890000 900000 370
900000 910000 445
910000 920000 476
920000 930000 476
930000 940000 507
940000 950000 383
950000 960000 414
960000 970000 414
970000 980000 458
980000 990000 427
990000 999999 440
10 1 20
200 100 125
210 201 89
1000 900 174
10000 1 262
20000 10000 279
30000 20000 308
40000 30000 324
50000 40000 314
60000 50000 340
70000 60000 335
80000 70000 351
90000 80000 333
100000 90000 333
110000 100000 354
120000 110000 349
130000 120000 344
140000 130000 344
150000 140000 375
160000 150000 383
170000 160000 370
180000 170000 347
190000 180000 365
200000 190000 360
210000 200000 373
220000 210000 386
230000 220000 368
240000 230000 443
250000 240000 368
260000 250000 363
270000 260000 407
280000 270000 407
290000 280000 389
300000 290000 371
310000 300000 371
320000 310000 384
330000 320000 384
340000 330000 366
350000 340000 441
360000 350000 379
370000 360000 410
380000 370000 423
390000 380000 436
400000 390000 405
410000 400000 405
420000 410000 449
430000 420000 418
440000 430000 400
450000 440000 369
460000 450000 387
470000 460000 444
480000 470000 382
490000 480000 413
500000 490000 426
510000 500000 426
520000 510000 470
530000 520000 408
540000 530000 377
550000 540000 452
560000 550000 421
570000 560000 421
580000 570000 390
590000 580000 434
600000 590000 403
610000 600000 403
620000 610000 447
630000 620000 509
640000 630000 416
650000 640000 416
660000 650000 429
670000 660000 442
680000 670000 385
690000 680000 398
700000 690000 442
710000 700000 504
720000 710000 411
730000 720000 411
740000 730000 424
750000 740000 393
760000 750000 424
770000 760000 468
780000 770000 437
790000 780000 406
800000 790000 468
810000 800000 406
820000 810000 450
830000 820000 450
840000 830000 525
850000 840000 419
860000 850000 419
870000 860000 388
880000 870000 432
890000 880000 445
900000 890000 370
910000 900000 445
920000 910000 476
930000 920000 476
940000 930000 507
950000 940000 383
960000 950000 414
970000 960000 414
980000 970000 458
990000 980000 427
999999 990000 440
